    unsorted:	 109.2903685 109.2903685 109.2903685 109.2903685 109.2903685 109.2903685 109.2903685 109.2903685 109.2903685 109.2903685 0.004934925571 0.004934925581 17.30208997 17.30208996 17.30208980 17.30208942 35.09932840 35.09932833 35.09932403 35.09932718 39.41484793 39.47239179 39.41488720 39.47237922 39.41900986 39.49130381 0.005424383659 0.002522870835 0.002314749354 0.02251039123 0.02931738853 0.05191279792 0.08840564110 39.57854708 38.34812948 1.839350937 19.17683760 22.08956007 13.86509642 45.46698413 47.22561974 62.50676694 77.75586006 147.6799141 232.0365787 237.8679672 363.9684583 386.6007496 406.6858975 476.9994300 768.2742978 926.9576699 1124.795477 1150.012608 1484.445086 1494.408242 1808.402700 1777.196776 2084.868384 2209.469731 2556.471427 2623.933129 2749.720375 3268.449697 3276.435478 3321.537401 3414.415440 3445.558532 3508.086432 2906.319112 3735.007976 3772.218719 3896.058193 3856.653304 3942.010998 4089.377672 4139.712573 4313.490698 4366.085143 4445.819409 4692.946435 4738.217786 5222.289254 5441.335125 5533.235293 5737.353645 5901.352108 6110.954771 6209.191484 6692.555933 6973.864536 7336.929060 7632.037885 8027.509179 8635.890971 9075.792979 9389.458385 10385.27940 10934.25924 11884.72235 12682.86035 13655.67030 15731.49044 19011.63837 21631.88873 22875.84487 23875.39294 26412.70697 30145.46652 41703.15812 63976.77474 109045.1243 113410.4808 178673.6696 1419373.653 349619241.9
      sorted:	 0.002314749354 0.002522870835 0.004934925571 0.004934925581 0.005424383659 0.02251039123 0.02931738853 0.05191279792 0.08840564110 1.839350937 13.86509642 17.30208942 17.30208980 17.30208996 17.30208997 19.17683760 22.08956007 35.09932403 35.09932718 35.09932833 35.09932840 38.34812948 39.41484793 39.41488720 39.41900986 39.47237922 39.47239179 39.49130381 39.57854708 45.46698413 47.22561974 62.50676694 77.75586006 109.2903685 109.2903685 109.2903685 109.2903685 109.2903685 109.2903685 109.2903685 109.2903685 109.2903685 109.2903685 147.6799141 232.0365787 237.8679672 363.9684583 386.6007496 406.6858975 476.9994300 768.2742978 926.9576699 1124.795477 1150.012608 1484.445086 1494.408242 1777.196776 1808.402700 2084.868384 2209.469731 2556.471427 2623.933129 2749.720375 2906.319112 3268.449697 3276.435478 3321.537401 3414.415440 3445.558532 3508.086432 3735.007976 3772.218719 3856.653304 3896.058193 3942.010998 4089.377672 4139.712573 4313.490698 4366.085143 4445.819409 4692.946435 4738.217786 5222.289254 5441.335125 5533.235293 5737.353645 5901.352108 6110.954771 6209.191484 6692.555933 6973.864536 7336.929060 7632.037885 8027.509179 8635.890971 9075.792979 9389.458385 10385.27940 10934.25924 11884.72235 12682.86035 13655.67030 15731.49044 19011.63837 21631.88873 22875.84487 23875.39294 26412.70697 30145.46652 41703.15812 63976.77474 109045.1243 113410.4808 178673.6696 1419373.653 349619241.9
